4.167370413811918861e-03
-5.205702861959123420e-03
3.243248179679316355e-03
-4.990631511625126526e-03
2.390789778137832750e-03
-4.441448352775135243e-03
1.654364225133111120e-03
-3.724974319711106801e-03
1.052649981098223182e-03
-2.960984319040613644e-03
5.864516313528917195e-04
-2.229631633796770422e-03
2.451123772198417010e-04
-1.579449210412002622e-03
1.150236921956604800e-05
-1.035059226777317477e-03
-1.343123845573354223e-04
-6.040599120983458506e-04
-2.124946381105265246e-04
-2.819845803308428317e-04
-2.416175041966691034e-04
-5.642042723384495289e-05
-2.376214565824435999e-04
8.888598140093660518e-05
-2.134048496523448376e-04
1.710874107021687497e-04
-1.788477082716857032e-04
2.063268476363522242e-04
-1.410796736036132998e-04
2.090247995646146956e-04
-1.048233186686737200e-04
1.913137808220550194e-04
-7.287173222944535859e-05
1.625191000499639127e-04
-4.657714166574197442e-05
1.293794356936187387e-04
-2.628404487187239658e-05
9.642461313511049706e-05
-1.168740479657530492e-05
6.641772625205052060e-05
-2.060414840282246035e-06
4.163164904985677638e-05
3.703302365680150705e-06
2.356746358611336512e-05
6.816422645478568910e-06
1.204578803503670262e-05
8.363419671821085933e-06
5.918006042755416620e-06
9.171092022350333910e-06
3.526677408471054338e-06
9.747112557980331315e-06
3.036832426014467722e-06
